         0         0
  0.062791         1
   0.12533         2
   0.18738         3
   0.24869         4
   0.30902         5
   0.36812         6
   0.42578         7
   0.48175         8
   0.53583         9
   0.58779        10
   0.63742        11
   0.68455        12
   0.72897        13
   0.77051        14
   0.80902        15
   0.84433        16
   0.87631        17
   0.90483        18
   0.92978        19
   0.95106        20
   0.96858        21
   0.98229        22
   0.99211        23
   0.99803        24
         1        25
   0.99803        26
   0.99211        27
   0.98229        28
   0.96858        29
   0.95106        30
   0.92978        31
   0.90483        32
   0.87631        33
   0.84433        34
   0.80902        35
   0.77051        36
   0.72897        37
   0.68455        38
   0.63742        39
   0.58779        40
   0.53583        41
   0.48175        42
   0.42578        43
   0.36812        44
   0.30902        45
   0.24869        46
   0.18738        47
   0.12533        48
  0.062791        49
1.2246e-16        50
 -0.062791        51
  -0.12533        52
  -0.18738        53
  -0.24869        54
  -0.30902        55
  -0.36812        56
  -0.42578        57
  -0.48175        58
  -0.53583        59
  -0.58779        60
  -0.63742        61
  -0.68455        62
  -0.72897        63
  -0.77051        64
  -0.80902        65
  -0.84433        66
  -0.87631        67
  -0.90483        68
  -0.92978        69
  -0.95106        70
  -0.96858        71
  -0.98229        72
  -0.99211        73
  -0.99803        74
        -1        75
  -0.99803        76
  -0.99211        77
  -0.98229        78
  -0.96858        79
  -0.95106        80
  -0.92978        81
  -0.90483        82
  -0.87631        83
  -0.84433        84
  -0.80902        85
  -0.77051        86
  -0.72897        87
  -0.68455        88
  -0.63742        89
  -0.58779        90
  -0.53583        91
  -0.48175        92
  -0.42578        93
  -0.36812        94
  -0.30902        95
  -0.24869        96
  -0.18738        97
  -0.12533        98
 -0.062791        99
